1 24
1 52
1 64
1 103
1 65
1 55
1 110
1 35
1 88
1 125
1 61
1 92
1 97
1 46
1 41
1 95
1 107
1 45
1 93
1 122
1 20
1 5
1 19
1 70
1 81
1 42
1 63
1 69
1 104
1 123
1 18
2 86
2 96
2 39
2 4
2 99
2 23
2 66
2 87
2 59
2 61
2 57
2 5
2 88
2 25
2 41
2 10
2 18
2 90
2 120
2 21
2 6
2 113
2 112
2 121
2 65
3 98
3 24
3 95
3 84
3 68
3 76
3 28
3 110
3 120
3 27
3 58
3 32
3 8
3 107
3 111
3 15
3 50
3 94
3 85
3 122
3 16
3 33
3 23
3 22
3 89
3 91
3 92
3 106
4 47
4 125
4 62
4 119
4 121
4 77
4 12
4 110
4 42
4 78
4 5
4 112
4 94
4 87
4 75
4 67
4 86
4 14
4 108
4 55
4 84
4 102
4 117
4 6
4 58
4 49
4 74
4 10
4 100
4 44
5 79
5 82
5 43
5 111
5 101
5 84
5 93
5 36
5 87
5 88
5 14
5 92
5 64
5 35
5 56
5 68
5 90
5 50
5 42
5 51
5 18
5 9
5 74
5 117
5 78
5 77
5 114
5 23
6 117
6 66
6 37
6 18
6 56
6 88
6 71
6 120
6 85
6 94
6 113
6 59
6 22
6 122
6 39
6 92
6 77
6 48
6 17
6 96
6 42
6 75
6 53
6 20
6 45
6 38
6 69
6 40
7 40
7 121
7 17
7 42
7 61
7 77
7 78
7 125
7 65
7 47
7 30
7 37
7 58
7 10
7 67
7 36
7 109
7 69
7 39
7 74
7 87
7 35
7 63
7 44
7 120
7 104
7 72
7 57
8 67
8 108
8 68
8 65
8 11
8 62
8 63
8 125
8 19
8 43
8 107
8 86
8 52
8 72
8 27
8 69
8 102
8 91
8 103
8 122
8 73
8 93
8 14
8 123
8 55
8 78
8 115
8 66
8 57
8 82
8 92
8 13
9 13
9 27
9 64
9 75
9 12
9 108
9 15
9 98
9 38
9 124
9 114
9 22
9 36
9 102
9 45
9 84
9 77
9 86
9 109
9 18
9 69
9 58
9 51
9 122
9 105
9 95
9 110
9 30
9 37
9 16
9 91
9 34
9 44
9 33
9 106
9 99
10 24
10 104
10 79
10 109
10 92
10 61
10 81
10 77
10 69
10 50
10 108
10 120
10 68
10 17
10 47
10 32
10 94
10 22
10 29
10 82
10 122
10 113
10 58
10 21
10 106
11 44
11 121
11 21
11 42
11 67
11 82
11 104
11 115
11 32
11 113
11 45
11 37
11 91
11 63
11 125
11 72
11 106
11 107
11 22
11 123
11 34
11 73
11 43
11 80
11 61
11 92
12 111
12 37
12 95
12 110
12 41
12 46
12 43
12 68
12 23
12 39
12 24
12 105
12 78
12 87
12 74
12 92
12 25
12 115
12 26
12 91
12 48
12 97
12 107
12 75
12 14
13 20
13 87
13 110
13 70
13 28
13 16
13 106
13 94
13 67
13 30
13 121
13 115
13 60
13 84
13 114
13 112
13 73
13 71
13 83
13 81
13 89
13 69
13 33
13 32
13 59
13 39
13 38
13 117
14 90
14 81
14 31
14 29
14 37
14 114
14 78
14 80
14 117
14 26
14 92
14 100
14 35
14 63
14 85
14 15
14 28
14 53
14 86
14 75
14 43
14 69
14 39
15 76
15 112
15 17
15 98
15 62
15 60
15 36
15 68
15 52
15 73
15 102
15 49
15 53
15 47
15 119
15 104
15 21
15 66
15 91
15 121
15 48
15 95
15 58
15 20
15 116
15 43
15 100
15 32
15 24
15 92
15 125
15 117
16 79
16 84
16 114
16 103
16 17
16 50
16 56
16 61
16 55
16 39
16 38
16 62
16 37
16 100
16 47
16 77
16 96
16 58
16 80
16 45
16 76
16 53
16 29
16 72
16 27
16 49
16 105
16 20
16 118
16 91
16 110
16 115
17 22
17 113
17 58
17 84
17 97
17 33
17 52
17 91
17 125
17 65
17 103
17 105
17 88
17 118
17 86
17 94
17 46
17 56
17 87
17 76
17 77
17 93
17 75
17 99
17 109
17 108
17 26
17 47
18 76
18 69
18 80
18 117
18 62
18 59
18 83
18 89
18 84
18 109
18 88
18 39
18 98
18 112
18 29
18 113
18 19
18 104
18 115
18 93
18 28
18 92
19 30
19 29
19 119
19 32
19 63
19 73
19 80
19 26
19 25
19 105
19 39
19 75
19 112
19 51
19 28
19 81
19 46
19 37
19 43
19 68
19 94
19 56
19 48
19 106
19 102
19 59
19 77
19 45
19 49
19 52
20 95
20 70
20 38
20 62
20 32
20 27
20 67
20 123
20 73
20 63
20 33
20 97
20 76
20 83
20 26
20 116
20 56
20 96
20 64
20 85
20 125
20 44
20 28
20 36
20 112
20 122
20 43
20 111
20 124
20 119
20 71
20 46
20 86
21 93
21 87
21 118
21 29
21 72
21 114
21 97
21 110
21 88
21 96
21 60
21 95
21 38
21 78
21 85
21 73
21 63
21 101
21 86
21 49
21 28
21 43
21 42
21 81
21 125
22 50
22 28
22 109
22 48
22 60
22 76
22 37
22 29
22 110
22 54
22 23
22 24
22 106
22 57
22 94
22 123
22 73
22 85
22 40
22 78
22 31
22 51
22 46
22 91
22 116
22 66
22 32
23 105
23 50
23 36
23 48
23 67
23 45
23 73
23 82
23 116
23 94
23 46
23 113
23 77
23 103
23 121
23 57
23 32
23 114
23 63
23 38
23 37
23 101
24 69
24 31
24 68
24 115
24 108
24 42
24 83
24 46
24 111
24 84
24 45
24 103
24 72
24 54
24 86
24 96
24 73
24 116
24 59
24 29
24 64
24 105
24 93
24 70
25 103
25 38
25 122
25 84
25 48
25 69
25 106
25 114
25 117
25 74
25 86
25 52
25 45
25 116
25 53
25 87
25 59
25 79
25 65
25 35
25 107
25 41
25 81
25 121
25 73
26 107
26 34
26 67
26 48
26 65
26 38
26 69
26 71
26 84
26 124
26 55
26 114
26 43
26 85
26 74
26 80
26 72
26 102
26 86
26 66
26 62
26 75
26 78
27 70
27 61
27 58
27 71
27 118
27 28
27 104
27 121
27 105
27 67
27 100
27 113
27 69
27 92
27 116
27 75
27 29
27 97
27 103
27 81
27 107
27 110
27 32
27 93
27 64
27 53
28 75
28 82
28 91
28 109
28 56
28 104
28 115
28 64
28 119
28 33
28 51
28 89
28 111
28 62
28 42
28 85
28 29
28 118
28 67
28 125
28 100
29 88
29 90
29 63
29 107
29 37
29 95
29 93
29 73
29 114
29 77
29 102
29 104
29 62
29 45
29 53
29 48
29 96
29 118
29 108
29 98
29 115
29 70
29 97
29 105
30 59
30 35
30 124
30 31
30 70
30 37
30 89
30 63
30 91
30 85
30 117
30 60
30 114
30 90
30 113
30 98
30 45
30 100
30 82
30 61
30 84
30 107
30 34
30 75
30 88
30 99
31 97
31 118
31 94
31 51
31 98
31 67
31 37
31 117
31 36
31 116
31 121
31 102
31 60
31 45
31 65
31 125
31 32
31 54
31 34
31 89
31 58
31 52
31 68
31 70
31 100
31 113
31 91
31 73
31 83
31 78
32 53
32 73
32 51
32 35
32 38
32 100
32 61
32 49
32 86
32 102
32 107
32 41
32 45
32 95
32 123
32 56
32 93
32 101
33 42
33 48
33 112
33 40
33 81
33 92
33 82
33 115
33 52
33 35
33 89
33 123
33 113
33 62
33 100
33 66
33 58
33 117
33 64
33 120
33 124
33 93
33 109
33 75
34 65
34 103
34 100
34 44
34 38
34 82
34 90
34 56
34 39
34 35
34 49
34 98
34 53
34 45
34 124
34 62
34 36
34 37
34 109
34 94
34 91
34 60
34 86
34 69
34 54
34 97
34 87
35 71
35 107
35 59
35 118
35 109
35 78
35 110
35 79
35 62
35 86
35 80
35 50
35 65
35 90
35 119
35 43
35 40
35 69
35 72
35 77
35 125
36 104
36 115
36 40
36 66
36 86
36 120
36 41
36 53
36 60
36 84
36 112
36 109
36 75
36 81
36 47
36 82
36 123
36 113
36 58
36 67
36 43
37 63
37 81
37 50
37 39
37 73
37 67
37 83
37 62
37 91
37 57
37 104
37 38
37 123
37 58
37 106
37 105
37 59
37 76
37 120
37 125
37 118
37 51
38 69
38 107
38 50
38 67
38 68
38 59
38 74
38 84
38 94
38 99
38 63
39 105
39 79
39 121
39 117
39 47
39 75
39 94
39 110
39 74
39 101
39 111
39 113
39 108
39 109
39 103
39 66
39 42
39 104
39 89
39 50
39 59
39 99
39 62
39 91
39 80
40 53
40 57
40 60
40 117
40 73
40 121
40 111
40 77
40 67
40 123
40 81
40 105
40 74
40 75
40 106
40 110
40 52
40 64
40 94
40 58
41 72
41 83
41 62
41 124
41 84
41 56
41 93
41 69
41 55
41 94
41 121
41 102
41 116
41 123
41 103
41 63
41 71
41 106
41 112
41 105
41 119
42 79
42 88
42 85
42 62
42 95
42 60
42 112
42 59
42 65
42 113
42 92
42 58
42 105
42 76
42 75
42 125
42 63
42 46
42 100
42 48
42 122
42 83
42 47
42 110
42 52
43 111
43 64
43 58
43 124
43 51
43 89
43 102
43 107
43 56
43 55
43 76
43 52
43 50
43 77
43 65
43 60
43 114
43 105
43 108
43 54
43 57
43 72
44 70
44 97
44 94
44 48
44 111
44 93
44 65
44 81
44 79
44 115
44 89
44 49
44 66
44 64
44 107
44 80
44 105
44 52
44 57
45 91
45 80
45 82
45 77
45 117
45 49
45 86
45 67
45 75
45 120
45 101
45 100
45 71
45 51
45 103
45 88
45 110
46 53
46 108
46 123
46 84
46 47
46 59
46 114
46 72
46 73
46 48
46 76
46 97
46 107
46 75
46 67
47 89
47 96
47 121
47 50
47 99
47 66
47 117
47 100
47 69
47 103
47 77
47 59
47 48
47 94
47 68
47 87
47 63
47 120
47 109
48 104
48 60
48 67
48 65
48 81
48 54
48 99
48 58
48 53
48 116
48 118
48 111
48 78
48 121
48 120
48 117
48 101
48 71
48 83
48 62
48 56
48 109
49 94
49 53
49 74
49 78
49 116
49 64
49 91
49 65
49 106
49 56
49 88
49 113
49 76
49 69
50 122
50 53
50 121
50 104
50 97
50 76
50 111
50 67
50 56
50 61
50 99
50 110
50 54
51 56
51 52
51 74
51 90
51 73
51 118
51 110
51 101
51 106
51 92
51 75
51 100
51 113
51 94
51 91
51 78
51 60
51 62
51 85
51 84
52 86
52 124
52 72
52 80
52 125
52 123
52 99
52 73
52 82
52 96
52 95
52 59
52 60
52 70
52 58
52 120
52 65
52 74
52 64
52 91
52 97
53 91
53 97
53 120
53 76
53 101
53 110
53 103
53 88
53 54
53 104
53 102
53 125
53 79
53 61
53 77
54 91
54 121
54 94
54 64
54 93
54 114
54 85
54 120
54 70
54 82
54 116
54 107
54 83
54 119
54 75
54 106
54 58
54 110
54 55
55 63
55 105
55 125
55 62
55 58
55 64
55 121
55 84
55 65
55 71
55 92
55 116
55 101
56 66
56 68
56 89
56 120
56 123
56 112
56 102
56 101
56 99
56 124
56 83
56 115
56 110
56 86
56 121
56 74
56 80
56 107
56 87
57 117
57 122
57 73
57 108
57 104
57 97
57 85
57 106
57 61
57 114
57 74
57 107
57 103
57 68
57 81
57 78
57 110
57 83
58 89
58 66
58 119
58 61
58 62
58 71
58 115
58 107
58 91
58 90
58 103
58 121
58 76
58 86
58 64
58 113
58 106
58 93
59 120
59 72
59 88
59 107
59 105
59 124
59 110
59 97
59 75
59 76
59 91
59 109
59 92
59 81
59 77
59 113
59 93
59 118
59 96
60 112
60 86
60 111
60 100
60 69
60 73
60 76
60 88
60 62
60 94
60 81
60 80
60 82
60 114
60 64
60 116
60 87
60 91
61 80
61 116
61 64
61 104
61 84
61 124
61 88
61 115
61 101
61 109
61 72
61 108
61 65
61 97
61 120
61 106
61 112
61 73
61 78
62 87
62 101
62 104
62 119
62 112
62 116
62 102
62 84
62 114
62 88
62 76
62 79
62 90
62 65
62 73
62 97
62 83
62 81
62 93
62 75
62 110
63 76
63 92
63 97
63 99
63 85
63 78
63 86
63 74
63 67
63 125
63 89
63 109
63 68
63 83
63 114
63 80
63 81
64 124
64 105
64 73
64 104
64 113
64 116
64 81
64 117
64 97
64 92
64 107
64 99
65 103
65 113
65 71
65 124
65 112
65 90
65 89
65 108
65 93
65 111
65 85
65 83
66 67
66 89
66 79
66 91
66 105
66 76
66 124
66 81
66 106
66 95
66 69
66 125
66 121
66 88
66 71
66 72
66 73
66 78
66 101
66 74
66 83
66 104
67 69
67 112
67 122
67 75
67 79
67 87
67 86
67 78
67 115
67 90
67 114
67 72
67 89
67 82
67 107
67 91
67 108
68 83
68 96
68 106
68 85
68 115
68 123
68 80
68 94
68 77
68 111
68 91
68 99
68 78
68 76
68 119
68 92
68 70
68 82
69 96
69 104
69 95
69 99
69 93
69 73
69 72
69 91
69 94
69 100
69 78
69 108
69 123
69 84
69 70
70 96
70 93
70 92
70 89
70 87
70 116
70 74
70 117
70 113
70 120
70 122
70 71
70 73
70 114
70 90
71 106
71 77
71 125
71 103
71 82
71 99
71 72
71 84
71 75
71 118
71 110
71 104
71 114
72 83
72 84
72 90
72 104
72 116
72 98
72 76
72 95
72 86
72 101
72 91
72 109
72 111
72 102
72 107
72 117
72 121
72 118
72 99
73 105
73 124
73 112
73 89
73 78
73 122
73 90
73 80
73 76
73 103
73 97
73 85
73 77
74 102
74 118
74 93
74 84
74 80
74 94
74 87
74 83
74 100
75 106
75 119
75 112
75 115
75 111
75 118
75 95
75 97
75 92
75 88
75 124
76 110
76 106
76 111
76 112
76 119
76 104
76 92
76 125
77 103
77 94
77 111
77 99
77 87
77 110
77 124
77 112
77 85
77 104
78 113
78 91
78 110
78 105
78 89
78 86
78 101
78 88
78 79
78 112
78 103
78 124
78 80
78 107
78 108
78 92
79 117
79 85
79 82
79 81
79 94
79 80
79 107
79 90
79 100
79 109
79 101
80 96
80 94
80 116
80 99
80 107
80 105
80 119
80 100
80 117
80 88
81 98
81 109
81 118
81 86
81 92
81 100
81 94
81 83
81 123
81 87
81 103
81 106
82 123
82 124
82 89
82 98
82 107
82 111
82 104
82 96
82 85
82 97
83 87
83 125
83 109
83 112
83 111
83 86
83 96
83 114
84 110
84 90
84 118
84 111
84 88
84 122
84 94
84 97
84 93
84 115
84 117
85 90
85 107
85 110
85 96
85 91
85 104
85 112
85 92
85 88
85 124
85 109
85 101
85 93
85 98
85 87
85 103
85 99
85 123
86 98
86 87
86 105
86 110
86 100
86 89
86 96
86 114
86 95
86 125
86 101
87 103
87 97
87 98
87 95
87 101
87 106
87 118
87 99
87 121
87 90
87 123
87 120
87 122
87 113
87 100
87 111
87 92
88 109
88 122
88 92
88 89
88 115
88 99
88 120
89 124
89 95
89 96
89 104
89 92
89 115
89 125
89 119
89 122
90 114
90 120
90 111
90 109
90 106
90 116
90 107
90 122
91 92
91 96
91 117
91 101
91 125
91 110
91 119
91 120
91 124
92 101
92 122
92 115
92 124
92 96
92 105
92 102
92 123
93 110
93 108
93 95
93 124
93 100
94 125
94 96
94 110
94 95
94 102
94 121
94 106
95 112
95 124
95 103
95 125
95 109
95 96
95 119
95 107
96 111
96 107
96 99
96 108
96 125
97 102
97 98
97 116
97 123
97 110
97 103
97 109
97 105
97 100
97 108
97 122
98 106
98 104
98 121
98 99
99 117
99 116
99 115
99 123
99 112
99 108
99 125
99 105
99 121
100 115
100 114
100 103
100 112
100 118
101 111
101 109
101 121
101 124
102 124
102 123
102 104
102 114
102 109
102 125
102 106
102 118
103 118
103 121
103 125
104 118
104 120
104 124
104 111
104 105
105 109
105 112
105 111
105 125
105 120
106 110
106 111
106 114
107 115
107 119
107 114
107 109
107 108
107 112
108 109
108 118
109 112
109 120
109 122
110 115
110 117
111 117
111 114
111 113
112 125
112 117
113 118
113 123
114 119
114 115
115 123
115 119
115 121
115 125
116 122
116 119
116 117
117 121
117 123
117 118
118 122
118 123
118 120
119 124
120 122
121 124
122 123
124 125
